
 flag           0   1   2   3   4   5   6   7   8  

 Kinetic        1   0   1   1   1   1   1   1   1  
 Non-local      1   0   0   1   0   0   0   0   0  
 Neutral atom   1   0   0   0   1   0   0   0   0  
 diff Hartree   1   0   0   0   0   1   0   0   0  
 Ex-Corr        1   0   0   0   0   0   1   0   0  
 E. Field       1   0   0   0   0   0   0   1   0  
 Hubbard U      1   0   0   0   0   0   0   0   1  



stress_example/C2_GGA.dat
  flag= 0
  Numerical stress tensor = (Utot(s+dep)-Utot(s-dep))/(2*dep)
  dep=   0.0001000000
  Stress tensor
  Analytic stress
  0.171693833951   0.009671472052   0.038605714807 
  0.009671472052   0.001050650785   0.002171159393 
  0.038605714807   0.002171159393   0.009310921815 
  Numerical stress
  0.171817853714   0.009605212963   0.038659263479 
  0.009648107495   0.001110191183   0.002133743582 
  0.038508774240   0.002105821650   0.009312326572 
  Diff
 -0.000124019763   0.000066259089  -0.000053548672 
  0.000023364557  -0.000059540398   0.000037415811 
  0.000096940567   0.000065337742  -0.000001404757 

stress_example/C2_LDA.dat
  flag= 0
  Numerical stress tensor = (Utot(s+dep)-Utot(s-dep))/(2*dep)
  dep=   0.0001000000
  Stress tensor
  Analytic stress
  0.177719604658   0.010100266680   0.040360061886 
  0.010100266680   0.000453167628   0.002225232709 
  0.040360061886   0.002225232709   0.008851348242 
  Numerical stress
  0.177827887597   0.010053869453   0.040374966721 
  0.010081968025   0.000596786691   0.002183775569 
  0.040349054427   0.002173549705   0.008825702746 
  Diff
 -0.000108282940   0.000046397227  -0.000014904835 
  0.000018298655  -0.000143619063   0.000041457140 
  0.000011007460   0.000051683004   0.000025645496 

stress_example/Cdia_GGA.dat
  flag= 0
  Numerical stress tensor = (Utot(s+dep)-Utot(s-dep))/(2*dep)
  dep=   0.0001000000
  Stress tensor
  Analytic stress
 -0.011566217862  -0.003740878511   0.004012084494 
 -0.003740878511  -0.055439822076  -0.087318521940 
  0.004012084494  -0.087318521940  -0.055439490608 
  Numerical stress
 -0.012489951926  -0.003773647510   0.003770440742 
 -0.003771541497  -0.056349375344  -0.086930698000 
  0.003769526948  -0.086931044967  -0.056349141335 
  Diff
  0.000923734064   0.000032768999   0.000241643752 
  0.000030662986   0.000909553267  -0.000387823939 
  0.000242557546  -0.000387476973   0.000909650727 

stress_example/Cdia_LDA.dat
  flag= 0
  Numerical stress tensor = (Utot(s+dep)-Utot(s-dep))/(2*dep)
  dep=   0.0001000000
  Stress tensor
  Analytic stress
 -0.006483830045  -0.004607865605   0.004878417119 
 -0.004607865605  -0.050415331863  -0.089551158420 
  0.004878417119  -0.089551158420  -0.050414986290 
  Numerical stress
 -0.007412376171  -0.004652175454   0.004648962566 
 -0.004627202994  -0.051329086066  -0.089158312786 
  0.004625181917  -0.089158653118  -0.051328834818 
  Diff
  0.000928546126   0.000044309849   0.000229454553 
  0.000019337389   0.000913754203  -0.000392845634 
  0.000253235202  -0.000392505302   0.000913848528 

stress_example/CH_GGA.dat
  flag= 0
  Numerical stress tensor = (Utot(s+dep)-Utot(s-dep))/(2*dep)
  dep=   0.0001000000
  Stress tensor
  Analytic stress
 -0.274788232376  -0.459386543001  -0.367550841073 
 -0.459386543001  -0.765436541721  -0.612503849866 
 -0.367550841073  -0.612503849866  -0.489689036852 
  Numerical stress
 -0.274688185402  -0.459371193684  -0.367543466417 
 -0.459345371016  -0.765274761259  -0.612602001500 
 -0.367552778382  -0.612569243659  -0.489598166618 
  Diff
 -0.000100046974  -0.000015349317  -0.000007374656 
 -0.000041171986  -0.000161780463   0.000098151634 
  0.000001937309   0.000065393793  -0.000090870234 

stress_example/CH_LDA+U.dat
  flag= 0
  Numerical stress tensor = (Utot(s+dep)-Utot(s-dep))/(2*dep)
  dep=   0.0001000000
  Stress tensor
  Analytic stress
 -0.145104330759   0.145855966415   0.083386457165 
  0.145855966415  -0.145104330763  -0.083386457167 
  0.083386457165  -0.083386457167  -0.047383560918 
  Numerical stress
 -0.145117999719   0.145893202279   0.083405763331 
  0.145893202403  -0.145117999724  -0.083405763727 
  0.083462798073  -0.083462797966  -0.047331308592 
  Diff
  0.000013668960  -0.000037235864  -0.000019306166 
 -0.000037235988   0.000013668961   0.000019306560 
 -0.000076340907   0.000076340800  -0.000052252325 

stress_example/CH_LSDA.dat
  flag= 0
  Numerical stress tensor = (Utot(s+dep)-Utot(s-dep))/(2*dep)
  dep=   0.0001000000
  Stress tensor
  Analytic stress
 -0.276313353362  -0.460706093562  -0.368557233164 
 -0.460706093562  -0.767752248425  -0.614277620139 
 -0.368557233164  -0.614277620139  -0.491670717474 
  Numerical stress
 -0.276243409738  -0.460636161739  -0.368509758992 
 -0.460619172888  -0.767634288361  -0.614314412988 
 -0.368523476104  -0.614277890580  -0.491615258946 
  Diff
 -0.000069943624  -0.000069931823  -0.000047474171 
 -0.000086920673  -0.000117960064   0.000036792849 
 -0.000033757059   0.000000270442  -0.000055458527 

stress_example/GaAs_GGA.dat
  flag= 0
  Numerical stress tensor = (Utot(s+dep)-Utot(s-dep))/(2*dep)
  dep=   0.0001000000
  Stress tensor
  Analytic stress
 -0.014066701608  -0.000000015042  -0.000000014350 
 -0.000000015042  -0.014066701609  -0.000000014350 
 -0.000000014350  -0.000000014350  -0.014066668968 
  Numerical stress
 -0.014519774965  -0.000000021458  -0.000000018474 
 -0.000000016200  -0.014519755638  -0.000000016200 
 -0.000000015348  -0.000000016200  -0.014905787253 
  Diff
  0.000453073357   0.000000006416   0.000000004124 
  0.000000001158   0.000453054029   0.000000001850 
  0.000000000998   0.000000001850   0.000839118285 

stress_example/GaAs_LDA.dat
  flag= 0
  Numerical stress tensor = (Utot(s+dep)-Utot(s-dep))/(2*dep)
  dep=   0.0001000000
  Stress tensor
  Analytic stress
  0.075356675822  -0.000000024595  -0.000000026653 
 -0.000000024595   0.075356675729  -0.000000026661 
 -0.000000026653  -0.000000026661   0.075356722981 
  Numerical stress
  0.074901075493  -0.000000038654  -0.000000030127 
 -0.000000041211   0.074900928553  -0.000000031974 
 -0.000000040927  -0.000000042064   0.074536591370 
  Diff
  0.000455600329   0.000000014058   0.000000003474 
  0.000000016616   0.000455747177   0.000000005314 
  0.000000014274   0.000000015403   0.000820131611 

stress_example/H2_GGA.dat
  flag= 0
  Numerical stress tensor = (Utot(s+dep)-Utot(s-dep))/(2*dep)
  dep=   0.0001000000
  Stress tensor
  Analytic stress
 -0.113923696596  -0.072115225453  -0.040035738838 
 -0.072115225453  -0.045260174237  -0.025307757773 
 -0.040035738838  -0.025307757773  -0.013776206734 
  Numerical stress
 -0.113710668652  -0.072135872398  -0.040014251865 
 -0.072067837229  -0.045363933918  -0.025226111646 
 -0.040001189096  -0.025360459793  -0.013641416918 
  Diff
 -0.000213027944   0.000020646945  -0.000021486972 
 -0.000047388224   0.000103759681  -0.000081646127 
 -0.000034549742   0.000052702020  -0.000134789815 

stress_example/H2_LDA.dat
  flag= 0
  Numerical stress tensor = (Utot(s+dep)-Utot(s-dep))/(2*dep)
  dep=   0.0001000000
  Stress tensor
  Analytic stress
 -0.116034683215  -0.073284404741  -0.040714928127 
 -0.073284404741  -0.046283834119  -0.025709528475 
 -0.040714928127  -0.025709528475  -0.014260849834 
  Numerical stress
 -0.115822252735  -0.073281766467  -0.040721836581 
 -0.073279740128  -0.046388137037  -0.025705601515 
 -0.040722080428  -0.025703029360  -0.014125787965 
  Diff
 -0.000212430480  -0.000002638274   0.000006908453 
 -0.000004664613   0.000104302918  -0.000003926960 
  0.000007152300  -0.000006499114  -0.000135061869 

stress_example/Hdia_GGA.dat
  flag= 0
  Numerical stress tensor = (Utot(s+dep)-Utot(s-dep))/(2*dep)
  dep=   0.0001000000
  Stress tensor
  Analytic stress
  0.379496940197  -0.005168711722   0.003829771442 
 -0.005168711722   0.379817213873   0.004311337295 
  0.003829771442   0.004311337295   0.381589546141 
  Numerical stress
  0.379512226091  -0.005155852304   0.003792548384 
 -0.005174785258   0.379835696217   0.004376078024 
  0.003732788961   0.004333169328   0.381580117441 
  Diff
 -0.000015285894  -0.000012859418   0.000037223058 
  0.000006073536  -0.000018482344  -0.000064740729 
  0.000096982481  -0.000021832032   0.000009428700 

stress_example/Hdia_LDA.dat
  flag= 0
  Numerical stress tensor = (Utot(s+dep)-Utot(s-dep))/(2*dep)
  dep=   0.0001000000
  Stress tensor
  Analytic stress
  0.381978297006  -0.004886406557   0.003623707806 
 -0.004886406557   0.382303424848   0.004106201322 
  0.003623707806   0.004106201322   0.384084342046 
  Numerical stress
  0.381993576192  -0.004879442729   0.003570891423 
 -0.004882052971   0.382321839922   0.004139654659 
  0.003532266797   0.004145643074   0.384074958620 
  Diff
 -0.000015279186  -0.000006963828   0.000052816383 
 -0.000004353586  -0.000018415074  -0.000033453337 
  0.000091441009  -0.000039441752   0.000009383426 
